
1, 100000000, 1
0.468983
1, 1000000000, 1
5.90326
1, 2000000000, 1
11.9149
1, 100000000, 2
0.649291
1, 1000000000, 2
6.64882
1, 2000000000, 2
10.8448
1, 100000000, 3
0.764682
1, 1000000000, 3
8.06873
1, 2000000000, 3
1, 100000000, 4
1, 1000000000, 4
1, 2000000000, 4
2, 100000000, 1
2, 1000000000, 1
2, 2000000000, 1
2, 100000000, 2
2, 1000000000, 2
2, 2000000000, 2
2, 100000000, 3
2, 1000000000, 3
2, 2000000000, 3
2, 100000000, 4
2, 1000000000, 4
2, 2000000000, 4
3, 100000000, 1
3, 1000000000, 1
3, 2000000000, 1
3, 100000000, 2
3, 1000000000, 2
3, 2000000000, 2
3, 100000000, 3
3, 1000000000, 3
3, 2000000000, 3
3, 100000000, 4
0.246789
3, 1000000000, 4
2.64565
3, 2000000000, 4
4.85168
4, 100000000, 1
0.248016
4, 1000000000, 1
2.84426
4, 2000000000, 1
4.4633
4, 100000000, 2
0.22367
4, 1000000000, 2
3.3356
4, 2000000000, 2
6.51457
4, 100000000, 3
0.233947
4, 1000000000, 3
2.92141
4, 2000000000, 3
6.1376
4, 100000000, 4
0.233844
4, 1000000000, 4
3.25639
4, 2000000000, 4
4.32667
8, 100000000, 1
0.221427
8, 1000000000, 1
2.76586
8, 2000000000, 1
4.54957
8, 100000000, 2
0.532538
8, 1000000000, 2
2.7905
8, 2000000000, 2
5.4556
8, 100000000, 3
0.204965
8, 1000000000, 3
2.28085
8, 2000000000, 3
5.81242
8, 100000000, 4
8, 1000000000, 4
8, 2000000000, 4
12, 100000000, 1
12, 1000000000, 1
12, 2000000000, 1
12, 100000000, 2
12, 1000000000, 2
12, 2000000000, 2
12, 100000000, 3
12, 1000000000, 3
12, 2000000000, 3
12, 100000000, 4
12, 1000000000, 4
12, 2000000000, 4
16, 100000000, 1
16, 1000000000, 1
16, 2000000000, 1
16, 100000000, 2
16, 1000000000, 2
16, 2000000000, 2
16, 100000000, 3
16, 1000000000, 3
16, 2000000000, 3
16, 100000000, 4
16, 1000000000, 4
16, 2000000000, 4
