
2, 900, 1
3.177660
2, 1000, 1
5.465050
2, 4000, 1
716.461683
2, 6000, 1
2763.815150
3, 900, 1
1.665621
3, 1000, 1
2.829670
3, 4000, 1
370.774833
3, 6000, 1
1499.016772
4, 900, 1
1.127167
4, 1000, 1
3.046070
4, 4000, 1
292.462802
4, 6000, 1
1175.097147
8, 900, 1
2.780918
8, 1000, 1
3.494623
8, 4000, 1
324.715150
8, 6000, 1
1465.341556
12, 900, 1
2.136754
12, 1000, 1
3.498177
12, 4000, 1
347.953926
12, 6000, 1
1690.826321
16, 900, 1
2.913003
16, 1000, 1
3.648438
16, 4000, 1
356.635747
16, 6000, 1
1693.683443
